00000000000000000010000000100011
00101000000000000010000000100011
00000000000100000000000010010011
00000010000100000010000000100011
00101000000100000010000000100011
00000000110000000000000100010011
00000000000000000000000110010011
00000000000000011010001000000011
00000000000100011010001010000011
00000000010100100000001100110011
00000100011000011010000000100011
00101000011000000010000000100011
00101000011000000010000000100011
00000000000100011000000110010011
01000000000100010000000100110011
11111110000000010001110011100011